00 00 
FF 

04 0E 04 04 00 00 00 
04 0E 04 04 03 0C 00 
04 FF 1B 08 00 A1 00 00 00 14 0C 00 0F 38 2E 30 30 2E 37 32 42 20 52 4F 4D 3D 35 30 31 00 
04 0E 04 04 13 10 00 
04 FF 05 08 00 93 00 FF 
04 FF 0A 08 00 A0 00 00 00 14 55 00 00 
04 FF 0A 08 00 A0 00 00 00 14 56 00 00 
04 FF 0A 08 00 A0 00 00 00 14 56 00 00 
04 FF 0A 08 00 A0 00 00 00 14 56 00 00 
04 FF 0A 08 00 A0 00 00 00 14 57 00 00 
04 FF 0A 08 00 A0 00 00 00 14 55 00 00 
04 FF 0A 08 00 A0 00 00 00 14 57 00 00 
04 FF 0A 08 00 A0 00 00 00 14 55 00 00 
04 FF 0A 08 00 A0 00 00 00 14 57 00 00 
04 FF 05 08 00 99 00 01 

0E 00 00 E1 81 07 00 00 24 5F 22 B8 64 DC 
0E 00 00 D1 81 07 00 00 24 5F 22 B8 64 DC 
08 00 00 D3 80 01 00 00 
08 00 00 D2 80 01 00 00 
0F 00 00 E1 BD 08 00 00 06 0F 04 00 01 03 FC 
0E 00 00 E1 7D 07 00 FF 05 03 00 D1 00 00 
0F 00 00 E1 BD 08 00 00 06 0F 04 00 01 03 FC 
0E 00 00 E1 7D 07 00 FF 05 03 00 D1 00 00 
08 00 00 E5 81 01 00 00 
0A 00 00 D3 A0 03 00 00 01 00 
0A 00 00 D3 A2 03 00 00 10 00 
0A 00 00 D3 A3 03 00 00 11 00 
0A 00 00 D3 A2 03 00 00 20 00 
0A 00 00 D3 A3 03 00 00 21 00 
0A 00 00 D3 A2 03 00 00 30 00 
0A 00 00 D3 A3 03 00 00 31 00 
0A 00 00 D3 A2 03 00 00 40 00 
0A 00 00 D3 A3 03 00 00 41 00 
0A 00 00 D3 A2 03 00 00 50 00 
0A 00 00 D3 A3 03 00 00 51 00 
0A 00 00 D3 A0 03 00 00 00 01 
0A 00 00 D3 A2 03 00 00 10 01 
0A 00 00 D3 A3 03 00 00 11 01 
0A 00 00 D3 A2 03 00 00 20 01 
0A 00 00 D3 A3 03 00 00 21 01 
0A 00 00 D3 A2 03 00 00 30 01 
0A 00 00 D3 A3 03 00 00 31 01 
0A 00 00 D3 A2 03 00 00 40 01 
0A 00 00 D3 A3 03 00 00 41 01 
0A 00 00 D3 A2 03 00 00 50 01 
0A 00 00 D3 A3 03 00 00 51 01 
0A 00 00 D3 A2 03 00 00 60 01 
0A 00 00 D3 A3 03 00 00 61 01 
0A 00 00 D3 A2 03 00 00 70 01 
0A 00 00 D3 A3 03 00 00 71 01 
0A 00 00 D3 A0 03 00 00 00 02 
0A 00 00 D3 A2 03 00 00 10 02 
0A 00 00 D3 A3 03 00 00 11 02 
0A 00 00 D3 A2 03 00 00 20 02 
0A 00 00 D3 A3 03 00 00 21 02 
0A 00 00 D3 A2 03 00 00 30 02 
0A 00 00 D3 A3 03 00 00 31 02 
0A 00 00 D3 A2 03 00 00 40 02 
0A 00 00 D3 A3 03 00 00 41 02 
0A 00 00 D3 A2 03 00 00 50 02 
0A 00 00 D3 A3 03 00 00 51 02 
0F 00 00 E1 BD 08 00 00 06 0E 04 01 24 0C 00 
0F 00 00 E1 BD 08 00 00 06 0F 04 00 01 03 FC 
0E 00 00 E1 7D 07 00 FF 05 03 00 D1 00 00 
0F 00 00 E1 BD 08 00 00 06 0E 04 01 1E 0C 00 
0F 00 00 E1 BD 08 00 00 06 0E 04 01 1C 0C 00 
08 00 00 E1 8C 01 00 00 
08 00 00 D1 88 01 00 00 


04 0E 04 04 00 00 00 
04 0E 04 04 03 0C 00 
04 FF 1B 08 00 A1 00 00 00 14 0C 00 0F 38 2E 30 30 2E 37 32 42 20 52 4F 4D 3D 35 30 31 00 
04 0E 04 04 13 10 00 
04 FF 05 08 00 93 00 FF 
04 FF 0A 08 00 A0 00 00 00 14 55 00 00 
04 FF 0A 08 00 A0 00 00 00 14 56 00 00 
04 FF 0A 08 00 A0 00 00 00 14 56 00 00 
04 FF 0A 08 00 A0 00 00 00 14 56 00 00 
04 FF 0A 08 00 A0 00 00 00 14 57 00 00 
04 FF 0A 08 00 A0 00 00 00 14 55 00 00 
04 FF 0A 08 00 A0 00 00 00 14 57 00 00 
04 FF 0A 08 00 A0 00 00 00 14 55 00 00 
04 FF 0A 08 00 A0 00 00 00 14 57 00 00 
04 FF 05 08 00 99 00 01 

0E 00 00 E1 81 07 00 00 24 5F 22 B8 64 DC 
0E 00 00 D1 81 07 00 00 24 5F 22 B8 64 DC 
08 00 00 D3 80 01 00 00 
08 00 00 D2 80 01 00 00 
0F 00 00 E1 BD 08 00 00 06 0F 04 00 01 03 FC 
0E 00 00 E1 7D 07 00 FF 05 03 00 D1 00 00 
0F 00 00 E1 BD 08 00 00 06 0F 04 00 01 03 FC 
0E 00 00 E1 7D 07 00 FF 05 03 00 D1 00 00 
08 00 00 E5 81 01 00 00 
0A 00 00 D3 A0 03 00 00 01 00 
0A 00 00 D3 A2 03 00 00 10 00 
0A 00 00 D3 A3 03 00 00 11 00 
0A 00 00 D3 A2 03 00 00 20 00 
0A 00 00 D3 A3 03 00 00 21 00 
0A 00 00 D3 A2 03 00 00 30 00 
0A 00 00 D3 A3 03 00 00 31 00 
0A 00 00 D3 A2 03 00 00 40 00 
0A 00 00 D3 A3 03 00 00 41 00 
0A 00 00 D3 A2 03 00 00 50 00 
0A 00 00 D3 A3 03 00 00 51 00 
0A 00 00 D3 A0 03 00 00 00 01 
0A 00 00 D3 A2 03 00 00 10 01 
0A 00 00 D3 A3 03 00 00 11 01 
0A 00 00 D3 A2 03 00 00 20 01 
0A 00 00 D3 A3 03 00 00 21 01 
0A 00 00 D3 A2 03 00 00 30 01 
0A 00 00 D3 A3 03 00 00 31 01 
0A 00 00 D3 A2 03 00 00 40 01 
0A 00 00 D3 A3 03 00 00 41 01 
0A 00 00 D3 A2 03 00 00 50 01 
0A 00 00 D3 A3 03 00 00 51 01 
0A 00 00 D3 A2 03 00 00 60 01 
0A 00 00 D3 A3 03 00 00 61 01 
0A 00 00 D3 A2 03 00 00 70 01 
0A 00 00 D3 A3 03 00 00 71 01 
0A 00 00 D3 A0 03 00 00 00 02 
0A 00 00 D3 A2 03 00 00 10 02 
0A 00 00 D3 A3 03 00 00 11 02 
0A 00 00 D3 A2 03 00 00 20 02 
0A 00 00 D3 A3 03 00 00 21 02 
0A 00 00 D3 A2 03 00 00 30 02 
0A 00 00 D3 A3 03 00 00 31 02 
0A 00 00 D3 A2 03 00 00 40 02 
0A 00 00 D3 A3 03 00 00 41 02 
0A 00 00 D3 A2 03 00 00 50 02 
0A 00 00 D3 A3 03 00 00 51 02 
0F 00 00 E1 BD 08 00 00 06 0E 04 01 24 0C 00 
0F 00 00 E1 BD 08 00 00 06 0F 04 00 01 03 FC 
0E 00 00 E1 7D 07 00 FF 05 03 00 D1 00 00 
0F 00 00 E1 BD 08 00 00 06 0E 04 01 1E 0C 00 
0F 00 00 E1 BD 08 00 00 06 0E 04 01 1C 0C 00 
08 00 00 E1 8C 01 00 00 
08 00 00 D1 88 01 00 00 