//Signal Name	Data
//FC
//FC
//BT_RX	04 0E 04 04 00 00 00
01 03 0C 00
//BT_RX	04 0E 04 04 03 0C 00
01 13 10 06 37 76 07 07 BD 00
//BT_RX	04 0E 04 04 13 10 00
01 08 FC 03 00 99 01
//BT_RX	04 FF 05 08 00 99 00 01
12 00 00 D1 01 0B 00 0A 42 44 30 37 30 37 37 36 33 37
//BT_RX	0E 00 00 D1 81 07 00 00 37 76 07 07 BD 00
07 00 00 D2 00 00 00
//BT_RX	08 00 00 D2 80 01 00 00
07 00 00 D3 00 00 00
//BT_RX	08 00 00 D3 80 01 00 00
12 00 00 E1 3D 0B 00 03 FC 08 00 D1 66 98 04 00 00 00
//BT_RX	09 00 00 E1 BD 02 00 03 00
12 00 00 E1 3D 0B 00 03 FC 08 00 D1 54 98 04 00 00 00
//BT_RX	09 00 00 E1 BD 02 00 03 00
0A 00 00 D3 20 03 00 02 00 18
//BT_RX	0A 00 00 D3 A0 03 00 00 01 00
0D 00 00 D3 22 06 00 01 00 02 02 00 2A
//BT_RX	0A 00 00 D3 A2 03 00 00 10 00
1A 00 00 D3 23 13 00 10 00 02 00 2A 0A 00 42 44 30 37 30 37 37 36 33 37 01 00
//BT_RX	0A 00 00 D3 A3 03 00 00 11 00
0D 00 00 D3 22 06 00 01 00 02 02 01 2A
//BT_RX	0A 00 00 D3 A2 03 00 00 20 00
12 00 00 D3 23 0B 00 20 00 02 01 2A 02 00 00 54 03 07
//BT_RX	0A 00 00 D3 A3 03 00 00 21 00
0D 00 00 D3 22 06 00 01 00 02 02 02 2A
//BT_RX	0A 00 00 D3 A2 03 00 00 30 00
11 00 00 D3 23 0A 00 30 00 02 02 2A 01 01 00 03 07
//BT_RX	08 00 00 D3 A3 01 00 86
0D 00 00 D3 22 06 00 01 00 06 02 03 2A
//BT_RX	0A 00 00 D3 A2 03 00 00 40 00
16 00 00 D3 23 0F 00 40 00 02 03 2A 06 8F CF 03 07 02 04 5A 03 07
//BT_RX	08 00 00 D3 A3 01 00 86
0D 00 00 D3 22 06 00 01 00 02 02 04 2A
//BT_RX	0A 00 00 D3 A2 03 00 00 50 00
18 00 00 D3 23 11 00 50 00 02 04 2A 08 0A 00 03 07 00 00 00 00 07 03 07
//BT_RX	08 00 00 D3 A3 01 00 86
18 00 00 D3 20 11 00 10 55 E4 05 D2 AF 9F A9 8F E5 4A 7D FE 43 53 53 49 //service1 49~e4 55
//BT_RX	0A 00 00 D3 A0 03 00 00 00 01
1B 00 00 D3 22 14 00 00 01 08 10 B3 9B 72 34 BE EC D4 A8 F4 43 41 88 43 53 53 49 //service1-1 49~B3 write
//BT_RX	0A 00 00 D3 A2 03 00 00 10 01
82 00 00 D3 23 7B 00 10 01 10 B3 9B 72 34 BE EC D4 A8 F4 43 41 88 43 53 53 49 64 00 00 11 22 33 44 55 66 77 88 99 AA BB CC DD EE FF 00 11 22 33 44 55 66 77 88 99 AA BB CC DD EE FF 00 11 22 33 44 55 66 77 88 99 AA BB CC DD EE FF 00 11 22 33 44 55 66 77 88 99 AA BB CC DD EE FF 00 11 22 33 44 55 66 77 88 99 AA BB CC DD EE FF 00 11 22 33 44 55 66 77 88 99 AA BB CC DD EE FF 00 11 22 33 03 07
//BT_RX	0A 00 00 D3 A3 03 00 00 11 01
1B 00 00 D3 22 14 00 00 01 10 10 16 96 24 47 C6 23 61 BA D9 4B 4D 1E 43 53 53 49 //service1-2 49~16 notify
//BT_RX	0A 00 00 D3 A2 03 00 00 20 01
82 00 00 D3 23 7B 00 20 01 10 16 96 24 47 C6 23 61 BA D9 4B 4D 1E 43 53 53 49 64 00 00 11 22 33 44 55 66 77 88 99 AA BB CC DD EE FF 00 11 22 33 44 55 66 77 88 99 AA BB CC DD EE FF 00 11 22 33 44 55 66 77 88 99 AA BB CC DD EE FF 00 11 22 33 44 55 66 77 88 99 AA BB CC DD EE FF 00 11 22 33 44 55 66 77 88 99 AA BB CC DD EE FF 00 11 22 33 44 55 66 77 88 99 AA BB CC DD EE FF 00 11 22 33 03 07
//BT_RX	0A 00 00 D3 A3 03 00 00 21 01
12 00 00 D3 23 0B 00 20 01 02 02 29 02 00 00 11 03 07
//BT_RX	0A 00 00 D3 A3 03 00 00 22 01
14 00 00 E1 01 0D 00 04 02 0A 42 44 30 37 30 37 37 36 33 37
//BT_RX	0E 00 00 E1 81 07 00 00 37 76 07 07 BD 00
0D 00 00 E1 3D 06 00 24 0C 03 04 04 24
//BT_RX	0F 00 00 E1 BD 08 00 00 06 0E 04 01 24 0C 00
07 00 00 E5 01 00 00
//BT_RX	08 00 00 E5 81 01 00 00
0E 00 00 E1 3D 07 00 1C 0C 04 00 04 12 00
//BT_RX	0F 00 00 E1 BD 08 00 00 06 0E 04 01 1C 0C 00
0E 00 00 E1 3D 07 00 1E 0C 04 00 02 12 00
//BT_RX	0F 00 00 E1 BD 08 00 00 06 0E 04 01 1E 0C 00
08 00 00 E1 0C 01 00 03
//BT_RX	08 00 00 E1 8C 01 00 00
56 00 00 D1 08 4F 00 A0 00 00 01 00 00 00 00 00 00 00 00 00 07 00 17 02 01 02 07 03 00 18 0D 18 0F 18 0B 09 42 44 30 37 30 37 37 36 33 37 00 00 00 00 00 00 00 00 0C 0B 09 42 44 30 37 30 37 37 36 33 37 00 00 00 00 00 00 00 00 00 00 00 00 00 00 00 00 00 00 00
//BT_RX	08 00 00 D1 88 01 00 00
0C 00 00 EF 0E 05 00 00 20 00 44 00
//BT_RX	08 00 00 EF 8E 01 00 00
