0C 00 00 D3 03 05 00 01 00 00 11 02 
0C 00 00 D3 03 05 00 01 00 00 51 02 
14 00 00 D3 25 0D 00 11 02 09 00 00 08 00 12 00 00 00 48 00 
0C 00 00 D3 02 05 00 01 00 00 11 02 
0C 00 00 D3 02 05 00 01 00 00 11 01 
56 00 00 D1 08 4F 00 A0 00 00 01 00 00 00 00 00 00 00 00 00 07 00 0F 02 01 02 0B 09 42 41 38 30 30 37 32 33 32 33 00 00 00 00 00 00 00 00 00 00 00 00 00 00 00 00 0C 0B 09 42 41 38 30 30 37 32 33 32 33 00 00 00 00 00 00 00 00 00 00 00 00 00 00 00 00 00 00 00 
0B 00 00 D2 01 04 00 01 00 32 00 
15 00 00 D1 0E 0E 00 01 00 08 00 12 00 00 00 48 00 00 00 FF FF 
0C 00 00 D3 02 05 00 01 00 00 11 01 
0C 00 00 D3 02 05 00 01 00 00 21 01 
0C 00 00 D3 02 05 00 01 00 00 31 01 
0C 00 00 D3 02 05 00 01 00 00 41 01 
0C 00 00 D3 02 05 00 01 00 00 51 01 
0C 00 00 D3 02 05 00 01 00 00 61 01 
0C 00 00 D3 02 05 00 01 00 00 71 01 
14 00 00 D3 25 0D 00 11 02 09 00 00 08 00 12 00 00 00 48 00 
0C 00 00 D3 02 05 00 01 00 00 11 02 
0C 00 00 D3 0A 05 00 01 00 00 11 00 
0C 00 00 D3 02 05 00 01 00 00 11 01 
0C 00 00 D3 02 05 00 01 00 00 21 01 
0C 00 00 D3 02 05 00 01 00 00 11 01 
0C 00 00 D3 02 05 00 01 00 00 11 01 
0C 00 00 D3 02 05 00 01 00 00 21 01 
0C 00 00 D3 02 05 00 01 00 00 31 01 
0C 00 00 D3 02 05 00 01 00 00 41 01 
0C 00 00 D3 02 05 00 01 00 00 51 01 
0C 00 00 D3 02 05 00 01 00 00 61 01 
0C 00 00 D3 02 05 00 01 00 00 71 01 
14 00 00 D3 25 0D 00 11 02 09 00 00 08 00 12 00 00 00 48 00 
0C 00 00 D3 02 05 00 01 00 00 11 02 
0C 00 00 D3 03 05 00 01 00 00 11 02 
0C 00 00 D3 03 05 00 01 00 00 21 02 
0C 00 00 D3 03 05 00 01 00 00 41 02 
0C 00 00 D3 03 05 00 01 00 00 51 02 
56 00 00 D1 08 4F 00 A0 00 00 01 00 00 00 00 00 00 00 00 00 07 00 0F 02 01 02 0B 09 42 41 38 30 30 37 32 33 32 33 00 00 00 00 00 00 00 00 00 00 00 00 00 00 00 00 0C 0B 09 42 41 38 30 30 37 32 33 32 33 00 00 00 00 00 00 00 00 00 00 00 00 00 00 00 00 00 00 00 
0B 00 00 D2 01 04 00 01 00 32 00 
15 00 00 D1 0E 0E 00 01 00 08 00 12 00 00 00 48 00 00 00 FF FF 
0C 00 00 D3 01 05 00 01 00 00 32 00 
0C 00 00 D3 0A 05 00 01 00 00 11 00 
56 00 00 D1 08 4F 00 A0 00 00 01 00 00 00 00 00 00 00 00 00 07 00 0F 02 01 02 0B 09 42 41 38 30 30 37 32 33 32 33 00 00 00 00 00 00 00 00 00 00 00 00 00 00 00 00 0C 0B 09 42 41 38 30 30 37 32 33 32 33 00 00 00 00 00 00 00 00 00 00 00 00 00 00 00 00 00 00 00 