0D 00 00 D3 C3 06 00 01 00 11 02 78 09 
0A 00 00 D3 83 03 00 01 00 00 
0D 00 00 D3 C3 06 00 01 00 51 02 99 99 
0A 00 00 D3 83 03 00 01 00 00 
0B 00 00 D3 C2 04 00 01 00 11 02 
08 00 00 D3 A5 01 00 00 
0A 00 00 D3 82 03 00 01 00 00 
0B 00 00 D3 C2 04 00 01 00 11 01 
0A 00 00 D3 82 03 00 01 00 00 
0B 00 00 D1 93 04 00 01 00 00 13 
08 00 00 D1 88 01 00 00 
19 00 00 D1 4C 12 00 00 01 00 01 01 8D AF C9 3A 4E 69 18 00 00 00 48 00 05 
0A 00 00 D1 F1 03 00 00 D2 01 
0A 00 00 D1 F1 03 00 00 D1 0E 
0C 00 00 D2 41 05 00 01 00 00 32 00 
0B 00 00 D1 50 04 00 01 00 00 00 
0B 00 00 D3 C2 04 00 01 00 11 01 
0A 00 00 D3 82 03 00 01 00 00 
0B 00 00 D3 C2 04 00 01 00 21 01 
0A 00 00 D3 82 03 00 01 00 00 
0B 00 00 D3 C2 04 00 01 00 31 01 
0A 00 00 D3 82 03 00 01 00 00 
0B 00 00 D3 C2 04 00 01 00 41 01 
0A 00 00 D3 82 03 00 01 00 00 
0B 00 00 D3 C2 04 00 01 00 51 01 
0A 00 00 D3 82 03 00 01 00 00 
10 00 00 D1 4E 09 00 00 01 00 12 00 00 00 48 00 
0B 00 00 D3 C2 04 00 01 00 61 01 
0A 00 00 D3 82 03 00 01 00 00 
0B 00 00 D3 C2 04 00 01 00 71 01 
0A 00 00 D3 82 03 00 01 00 00 
0B 00 00 D3 C2 04 00 01 00 11 02 
08 00 00 D3 A5 01 00 00 
0A 00 00 D3 82 03 00 01 00 00 
0B 00 00 D3 CA 04 00 01 00 11 00 
0A 00 00 D3 8A 03 00 01 00 00 
0B 00 00 D3 C2 04 00 01 00 11 01 
0A 00 00 D3 82 03 00 01 00 00 
0B 00 00 D3 C2 04 00 01 00 21 01 
0A 00 00 D3 82 03 00 01 00 00 
0B 00 00 D3 C2 04 00 01 00 11 01 
0A 00 00 D3 82 03 00 01 00 00 
0B 00 00 D3 C2 04 00 01 00 11 01 
0A 00 00 D3 82 03 00 01 00 00 
0B 00 00 D3 C2 04 00 01 00 21 01 
0A 00 00 D3 82 03 00 01 00 00 
0B 00 00 D3 C2 04 00 01 00 31 01 
0A 00 00 D3 82 03 00 01 00 00 
0B 00 00 D3 C2 04 00 01 00 41 01 
0A 00 00 D3 82 03 00 01 00 00 
0B 00 00 D3 C2 04 00 01 00 51 01 
0A 00 00 D3 82 03 00 01 00 00 
0B 00 00 D3 C2 04 00 01 00 61 01 
0A 00 00 D3 82 03 00 01 00 00 
0B 00 00 D3 C2 04 00 01 00 71 01 
0A 00 00 D3 82 03 00 01 00 00 
0B 00 00 D3 C2 04 00 01 00 11 02 
08 00 00 D3 A5 01 00 00 
0A 00 00 D3 82 03 00 01 00 00 
0E 00 00 D3 C3 07 00 01 00 11 02 07 08 09 
0A 00 00 D3 83 03 00 01 00 00 
0E 00 00 D3 C3 07 00 01 00 21 02 01 02 03 
0A 00 00 D3 83 03 00 01 00 00 
0D 00 00 D3 C9 06 00 01 00 41 02 78 99 
0E 00 00 D3 C3 07 00 01 00 41 02 78 96 54 
0A 00 00 D3 83 03 00 01 00 00 
0E 00 00 D3 C3 07 00 01 00 51 02 05 02 08 
0A 00 00 D3 83 03 00 01 00 00 
0B 00 00 D1 93 04 00 01 00 00 13 
08 00 00 D1 88 01 00 00 
19 00 00 D1 4C 12 00 00 01 00 01 01 8D AF C9 3A 4E 69 18 00 00 00 48 00 05 
0A 00 00 D1 F1 03 00 00 D2 01 
0A 00 00 D1 F1 03 00 00 D1 0E 
0B 00 00 D3 C1 04 00 01 00 9E 00 
0C 00 00 D3 81 05 00 01 00 00 32 00 
0C 00 00 D2 41 05 00 01 00 00 32 00 
0B 00 00 D1 50 04 00 01 00 00 00 
10 00 00 D1 4E 09 00 00 01 00 12 00 00 00 48 00 
0B 00 00 D3 CA 04 00 01 00 11 00 
0A 00 00 D3 8A 03 00 01 00 00 
0B 00 00 D1 93 04 00 01 00 00 13 
08 00 00 D1 88 01 00 00 